 
10538413
12456911
12573846
13473735
13677532
14188053
14208088
14271522
14369758
14418928
14485632
14657314
14657322
14657329
14679582
15105609
15183694
15302441
15395677
15535822
15685778
15712429
15736701
15739157
15794327
15823368
15968825
15989988
16024358
16056977
16213496
16292350
16311243
16341516
16347355
16397779
16417559
16417999
16469789
16500339
16523720
16590359
16610187
16736682
16856495
16891555
16936668
16973278
16988776
16988782
16988783
16995161
17048223
17052022
17070863
17078983
17086946
17092212
17132576
17201674
17224353
17244360
17245655
17255500
17259490
17264761
17293660
17305318
17414856
17414894
17462359
17487560
17489271
17495700
17519616
17526958
17527459
17558845
17567991
17571174
17579267
17581843
17592076
17603881
17638627
17649805
17716768
17740093
17740341
17741407
17754152
17910258
17914363
17922989
17927850
17929360
17935320
17949724
17952844
17952918
17953091
17962375
17963000
17999581
18004715
18015635
18026435
18031136
18044839
18046560
18056825
18064615
18079728
18079730
18087033
18087039
18096766
18113230
18114662
18125087
18129137
18188784
18193675
18227744
18227941
18251139
18259749
18284748
18298180
18349183
18349187
18362344
18403666
18410845
18430552
18440935
18464222
18468219
18470354
18471629
18495730
18556656
18563093
18585180
18620173
18640367
18664931
18665462
18673640
18697278
18713482
18718465
18738612
18741696
18796593
18806131
18881773
18881835
18887317
18906705
18925075
18954485
18958303
18960195
18969283
19034640
19083933
19083942
19083966
19084016
19084023
19084049
19084058
19084087
19084091
19084099
19084130
19084165
19084167
19084172
19084191
19084197
19084203
19084221
19153521
19206200
19259919
19273220
19296542
19309348
19318191
19320251
19320683
19324373
19332846
19346396
19354438
19372459
19402480
19431730
19448820
19454729
19466765
19483180
19508155
19515300
19520187
19532864
19598415
19599096
19601649
19603631
19610071
19613743
19624846
19628105
19645347
19657332
19691862
19721850
19736157
19753667
19793276
19798692
19811467
19821439
19834590
19836488
19919651
19920896
19934948
19940098
19948038
19961617
19976446
20024575
20033263
20035763
20043609
20062213
20090882
20098616
20101738
20123296
20127036
20128319
20128619
20149917
20162397
20176020
20187353
20190847
20207822
20217485
20220666
20226927
20226938
20245302
20246547
20247173
20264689
20288713
20298365
20299041
20310172
20311418
20313414
20322238
20328838
20330506
20334725
20336488
20369569
20373130
20373943
20382311
20403492
20419895
20440760
20440845
20471485
20480932
20501617
20514322
20515901
20555283
20563972
20567540
20582330
20597786
20600955
20610422
20620178
20628662
20641118
20648411
20648853
20658562
20679195
20694521
20738171
20749187
20791401
20797370
20799255
20800459
20805705
20810768
20815262
20822672
20827371
20834950
20840650
20855541
20856155
20863268
20865333
20874673
20878247
20885452
20893580
20893972
20930005
20962945
20968867
20979950
20986584
20989745
20989944
21005328
21006020
21019023
21023933
21033711
21044169
21058228
21064891
21077724
21079606
21106076
21113529
21129973
21130367
21143885
21149909
21150294
21151579
21154788
21157689
21161813
21182375
21192128
21202948
21212869
21214632
21218740
21221973
21231879
21261090
21295073
21301765
21302589
21306100
21332204
21335280
21335792
21335867
21335939
21335993
21336095
21336269
21336466
21341304
21341454
21341585
21342437
21342780
21342866
21347212
21347496
21357541
21362061
21362164
21362191
21364598
21388551
21389919
21401799
21438123
21465296
21469245
21472640
21479729
21491510
21492324
21495613
21495666
21498389
21499066
21524175
21530212
21548769
21556028
21557264
21561506
21562131
21571384
21581278
21581831
21593138
21593415
21594004
21606783
21614917
21623041
21633442
21637565
21638810
21638877
21639232
21659760
21660859
21663186
21669116
21671642
21673437
21673830
21683447
21686501
21686506
21686507
21686512
21686513
21686554
21686556
21686559
21686569
21700645
21705774
21731275
21749460
21764179
21777703
21784532
21784847
21792031
21792033
21795409
21810719
21842021
21843835
21846799
21853157
21872052
21876528
21877455
21879413
21882009
21882053
21882463
21904031
21906576
21917376
21920435
21921606
21934106
21941786
21944455
21944632
21948546
21952112
21970347
21971930
21978445
21994349
22013501
22016878
22021695
22050446
22050745
22050855
22051088
22071877
22074552
22075232
22077366
22086052
22090387
22105573
22108575
22114899
22120719
22128242
22144388
22148159
22153683
22167675
22193564
22194033
22204296
22208926
22212205
22214626
22215894
22220287
22224108
22228993
22229429
22249967
22257024
22258808
22268887
22283232
22285333
22285931
22288898
22292756
22306034
22311236
22323291
22334023
22345401
22346286
22350691
22350767
22354684
22354742
22356232
22370495
22372840
22391700
22394786
22400756
22521393
22523555
22537709
22539741
22588910
22602633
22608865
22611216
22611462
22611642
22614108
22620617
22625460
22628064
22630226
22630265
22634254
22645056
22645350
22645497
22658357
22670455
22673785
22675793
22681246
22688408
22694386
22695466
22714210
22720818
22726123
22728816
22734047
22741501
22746125
22749965
22753363
22757434
22758899
22759013
22761574
22765615
22767246
22768580
22768588
22768589
22768594
22768596
22768597
22768712
22772821
22772831
22772839
22772852
22774694
22775511
22776725
22782477
22782615
22782621
22782624
22783007
22786184
22786204
22786210
22789967
22793562
22794124
22794127
22796433
22796606
22798502
22809658
22815302
22818212
22821010
22825414
22828011
22828826
22830806
22831213
22833133
22834270
22837712
22837797
22850988
22871062
22876433
22876942
22879410
22880888
22884861
22888205
22888590
22888593
22888596
22888602
22892431
22895243
22895859
22896727
22898297
22900680
22900726
22901229
22901579
22904113
22906317
22912142
22912975
22924746
22925990
22926237
22930022
22930081
22931475
22933164
22935905
22941746
22942183
22943584
22947477
22954289
22962066
22967375
22967405
22967480
22972852
22973132
22977168
22979591
22980379
22981414
22987241
22991998
22995230
23004044
23011647
23012182
23015356
23015843
23016102
23023653
23031777
23031818
23032545
23041873
23046888
23048689
23052100
23053565
23057650
23059450
23062419
23065035
23073812
23076225
23080596
23089896
23096872
23097844
23099688
23100070
23101208
23102441
23103789
23106765
23107049
23107187
23111902
23112796
23112930
23116697
23122936
23126595
23129638
23133003
23135235
23140102
23141258
23149073
23155679
23157880
23161687
23165666
23167275
23169136
23174994
23176444
23177392
23188273
23188353
23194802
23197366
23198263
23198869
23203385
23205443
23205694
23205741
23205856
23206851
23214047
23214397
23222411
23223800
23232992
23234156
23237079
23241658
23241702
23242207
23242661
23243967
23245825
23251211
23254335
23261290
23266622
23267653
23273213
23275612
23277286
23282305
23287651
23287751
23287793
23289241
23293184
23293959
23294306
23301527
23302360
23307980
23309340
23310709
23316548
23319283
23320485
23322766
23323659
23323884
23323885
23323889
23327247
23331275
23332682
23333175
23333204
23334019
23334360
23334363
23334581
23335903
23335930
23336469
23337988
23343427
23343571
23343618
23343626
23345457
23351074
23352263
23354065
23354143
23356563
23359785
23360556
23361166
23361766
23362691
23365681
23369125
23371257
23376057
23376720
23376846
23377795
23377827
23378555
23379815
23381500
23383114
23387629
23389768
23392199
23392219
23394174
23398046
23401548
23404775
23404806
23408548
23408862
23409529
23409554
23410558
23416027
23416044
23419048
23422120
23422753
23425262
23428794
23428820
23429822
23433447
23434146
23442707
23442990
23444870
23445766
23446016
23446228
23447920
23448180
23448831
23453203
23455208
23456418
23456940
23457495
23460737
23461224
23462336
23462480
23464461
23464514
23466133
23469268
23470005
23471991
23472158
23478408
23481855
23482607
23483723
23486825
23488879
23491261
23492760
23494258
23494286
23500732
23507079
23507181
23508870
23509751
23510484
23510777
23513437
23513824
23515590
23516858
23516936
23517569
23517865
23518623
23518915
23520235
23528725
23529152
23530472
23530596
23532985
23533721
23534047
23535784
23542488
23542704
23544633
23545219
23545502
23548672
23549138
23549145
23550131
23550545
23553374
23553607
23555299
23556309
23567185
23569928
23570484
23571109
23572424
23572491
23576049
23576422
23577230
23580880
23581619
23581800
23582669
23588784
23590568
23591370
23593690
23595538
23597291
23597526
23600776
23603571
23611212
23617902
23618413
23621075
23621626
23623591
23623803
23624163
23626063
23626643
23628883
23630227
23632796
23632847
23632861
23634873
23639461
23640720
23642744
23643578
23644196
23644900
23645519
23648163
23649283
23651542
23653000
23658265
23659042
23665204
23667354
23668096
23674404
23675283
23675328
23675907
23677079
23680853
23681386
23681658
23682331
23682937
23690733
23690811
23690899
23691968
23699762
23700557
23702030
23702931
23705507
23710556
23714578
23715220
23715294
23715713
23717260
23719024
23720295
23721319
23722405
23723410
23724701
23724721
23725686
23725930
23728587
23728970
23730850
23731745
23733082
23733138
23733819
23734663
23734921
23738975
23740212
23740231
23740856
23742565
23743746
23746601
23748013
23749228
23750302
23750428
23750957
23751181
23752278
23752388
23752478
23755245
23755275
23756038
23756772
23756875
23756999
23759815
23760070
23760414
23761155
23761286
23762340
23763128
23763391
23765581
23766674
23768701
23768729
23768977
23769148
23769581
23770846
23771477
23772589
23772703
23772898
23773270
23773994
23774802
23776906
23777042
23778072
23779141
23780632
23782569
23782646
23782694
23782975
23786049
23786670
23786943
23787451
23787505
23787722
23789381
23789416
23790102
23790413
23790473
23793974
23793995
23794551
23794603
23795323
23796584
23798012
23798016
23802453
23804811
23804972
23805594
23805598
23808051
23810539
23815138
23815995
23815996
23816282
23817772
23819474
23819495
23820229
23820778
23823930
23824897
23825464
23827188
23830089
23831179
23831378
23831779
23833962
23835854
23836124
23837921
23838546
23838802
23838844
23839491
23841887
23842379
23843367
23843593
23843809
23844244
23844354
23844672
23844993
23845626
23845656
23845887
23847031
23847357
23848385
23849846
23851568
23851624
23852696
23852803
23852992
23854466
23856199
23856223
23856229
23856727
23856863
23858237
23858260
23858906
23860842
23860871
23861531
23861661
23861973
23862112
23862127
23862310
23862775
23864244
23867179
23867206
23868475
23868524
23869683
23870749
23871074
23871168
23871833
23872718
23872737
23873416
23875729
23876232
23880254
23882574
23882607
23882624
23884075
23887126
23888014
23888976
23889570
23890262
23892725
23894687
23895923
23896577
23896877
23897097
23897440
23898750
23898760
23898773
23898777
23898831
23898847
23898853
23898901
23898978
23899185
23899193
23902734
23902748
23904149
23905023
23905078
23906331
23906483
23907945
23907947
23908192
23910021
23912199
23912207
23914342
23914547
23915395
23917656
23917668
23918239
23919235
23919583
23919988
23920275
23920281
23921089
23921277
23921362
23922147
23923618
23926715
23926840
23928748
23929016
23929205
23929713
23929912
23930338
23930872
23931521
23932744
23933897
23934012
23934325
23934488
23935530
23935570
23935623
23937130
23937289
23937407
23938018
23938032
23938395
23938411
23938628
23938783
23938784
23940022
23940359
23940405
23940597
23940886
23941270
23941298
23941356
23941370
23941761
23942229
23942653
23942661
23942754
23942790
23942953
23943138
23943935
23944097
23944117
23944263
23944486
23944507
23944659
23945181
23945199
23945556
23945607
23946922
23947039
23947430
23947432
23947500
23947591
23948066
23948321
23948351
23948381
23948948
23950112
23950304
23951266
23952499
23952603
23953668
23953672
23953673
23953684
23953713
23953888
23953901
23953903
23953910
23954736
23954799
23954825
23954886
23954940
23955053
23955083
23955094
23955278
23955382
23955402
23955405
23956070
23956159
23956640
23957057
23957152
23957169
23958627
23959178
23959186
23959362
23959377
23959423
23959487
23959488
23959826
23959937
23960068
23961236
23961539
23961794
23962071
23962155
23962312
23962443
23963970
23964020
23964060
23964497
23964707
23964824
23965001
23965039
23965239
23965376
23965403
23965427
23965575
23965588
23966190
23966323
23966677
23967319
23968375
23968548
23968614
23968757
23968887
23968972
23968992
23969175
23969373
23969918
23969920
23969985
23970041
23970048
23970071
23970126
23970227
23970278
23970320
23970358
23970853
23970998
23971135
23971611
23972022
23972661
23972663
23972974
23973335
23973378
23974529
23974814
23974838
23974881
23974970
23975016
23975372
23975398
23975455
23975456
23976081
23976323
23976324
23976755
23976904
23977120
23977840
23977986
23978010
23978011
23978839
23978893
23979357
23979387
23979398
23979434
23979439
23979456
23979457
23979502
23979537
23979678
23979684
23979858
23979958
23980066
23980121
23980175
23980211
23980219
23980225
23980233
23980262
23980270
23980311
23980953
23980954
23981171
23982459
23983459
23983743
23983861
23983941
23984001
23984138
23984141
23984237
23984645
23984678
23984983
23985009
23985432
23985471
23985663
23985666
23985916
23985920
23985921
23986304
23986370
23986464
23986560
23986649
23986744
23987617
23987829
23987838
23987887
23988031
23988122
23988149
23988235
23988251
23988376
23988381
23988506
23988564
23988747
23989128
23989418
23989453
23989564
23989634
23989820
23990101
23990546
23990783
23990871
23990972
23990992
23991041
23991051
23991086
23991138
23991139
23991168
23991250
23991335
23991403
23991451
23992429
23992433
23992440
23992455
23992622
23992671
23992675
23992786
23992958
23993668
23994059
23994184
23994482
23995696
23995971
23996800
23996876
23997392
23997393
23997428
23997649
23997684
23997687
23997727
23997803
23998639
23999075
23999120
23999277
24000150
24000605
24000725
24000740
24000941
24001028
24001102
24001116
24001117
24001120
24001220
24001231
24001232
24001465
24001466
24001586
24001865
24002373
24002375
24002433
24002436
24002437
24002438
24002440
24002441
24002443
24002470
24002548
24002576
24003347
24003608
24003671
24003788
24003943
24004351
24004404
24004641
24004661
24004866
24004968
24005075
24005465
24005557
24005560
24005561
24005656
24006186
24006699
24006763
24006932
24007046
24007349
24007542
24007625
24007907
24009254
24009328
24009776
24009853
24009927
24010153
24010451
24011102
24011471
24011554
24011769
24012390
24012457
24012625
24013162
24014151
24015025
24015630
24015870
24016062
24016389
24016699
24016828
24017156
24017493
24017622
24017957
24017995
24018512
24019355
24019545
24019583
24020263
24020265
24020545
24020613
24020738
24020824
24021003
24021014
24026376
24027185
24027746
24027761
24027883
24028128
24028222
24028468
24029326
24029407
24029731
24029807
24029827
24029839
24030017
24030089
24030131
24030279
24030621
24030772
24030809
24030931
24030942
24031855
24031856
24031861
24031928
24031931
24031932
24031936
24032118
24032122
24032140
24032164
24032181
24032188
24032189
24032197
24032302
24032387
24032950
24033101
24033102
24033105
24033148
24033295
24033326
24033327
24033488
24033645
24033902
24033987
24034022
24034306
24034431
24034740
24034857
24035104
24035136
24035272
24035456
24036078
24036351
24036738
24036885
24037179
24037425
24037607
24037678
24039077
24039095
24039455
24039780
24040057
24040233
24040281
24040655
24040712
24041018
24041339
24041400
24041910
24042038
24042102
24042172
24042226
24042359
24042474
24042861
24042953
24042975
24043207
24043387
24043619
24043627
24043678
24043679
24043708
24043845
24043870
24044171
24044185
24044332
24044399
24044725
24045418
24045753
24045980
24046005
24046126
24046280
24046310
24046860
24046939
24046984
24047090
24047508
24048444
24048672
24048693
24048770
24048810
24048866
24049012
24049032
24049035
24049103
24049125
24049174
24049453
24049842
24049981
24050242
24050709
24050873
24050885
24050918
24050939
24050977
24051001
24051381
24051490
24051521
24051522
24051555
24051782
24051814
24051871
24051916
24052768
24052811
24052821
24053087
24053161
24053162
24053209
24053269
24053557
24053742
24053962
24054204
24055463
24055833
24055935
24055956
24055991
24056020
24056690
24056940
24056942
24056944
24057048
24057163
24057549
24057728
24057843
24057844
24057871
24059050
24059084
24059088
24059690
24060580
24061043
24061571
24061682
24061976
24061987
24062185
24062283
24062303
24062423
24062527
24062547
24062609
24062642
24062883
24063321
24063323
24063334
24063399
24063404
24063407
24063504
24063545
24063584
24063854
24064010
24064110
24064197
24064244
24064493
24064673
24064685
24064725
24064935
24065272
24065327
24065505
24065538
24066131
24066256
24066264
24066418
24066425
24066426
24066477
24066528
24066559
24066681
24066814
24066853
24066860
24066862
24066863
24067128
24067555
24067575
24067756
24067780
24067856
24069661
24070581
24071992
24072234
24072356
24072415
24072555
24073164
24073314
24073326
24073824
24074600
24075367
24075637
24075663
24076134
24076799
24076821
24077034
24078115
24078118
24078163
24078240
24078302
24078598
24078929
24078954
24079067
24079125
24079805
24080186
24080428
24080536
24080538
24080569
24080766
24080863
24080936
24081323
24081334
24082031
24082066
24082072
24082143
24082776
24082829
24083309
24083444
24084021
24084066
24084133
24084147
24084383
24084410
24084798
24085029
24085033
24085034
24085125
24085140
24085359
24085611
24085692
24085701
24086383
24086582
24086857
24087455
24087463
24087469
24087498
24087844
24087903
24088042
24088075
24088076
24088089
24088102
24088178
24088211
24088584
24088605
24089583
24090753
24090858
24090909
24091076
24091205
24091223
24091387
24091413
24091598
24091753
24092099
24092179
24093242
24094076
24094077
24094282
24094413
24094956
24094966
24095002
24095186
24095417
24095568
24095742
24096302
24096593
24097160
24097401
24097721
24098473
24100518
24100851
24101445
24101540
24101978
24102555
24103019
24103091
24103278
24104007
24104047
24104329
24104349
24104351
24104435
24105000
24105011
24105166
24106192
24107243
24107302
24107870
24108026
24108051
24108383
24108519
24109273
24110278
24111540
24111691
24112177
24113976
24114017
24114285
24115792
24115891
24116120
24116127
24116228
24116689
24118551
24118756
24119266
24119421
24119528
24119561
24119564
24120719
24121186
24121574
24122426
24122516
24122517
24125041
24126144
24126559
24126706
24127820
24128327
24128361
24129429
24129466
24129473
24129842
24130150
24130589
24130601
24131144
24131913
24134185
24134195
24134725
24135146
24135462
24135475
24136620
24137057
24137273
24137605
24138219
24138281
24138420
24138531
24138828
24138841
24139628
24140042
24140173
24140728
24140734
24142331
24142466
24142840
24142929
24143249
24143496
24143737
24143923
24144853
24144982
24144984
24146133
24146466
24146494
24146907
24147004
24147151
24148234
24149277
24149369
24149758
24150340
24150585
24153246
24153495
24154330
24156022
24156188
24156714
24158051
24159684
24160154
24160530
24160950
24160951
24161944
24163403
24163531
24163883
24164594
24165017
24165294
24165619
24165770
24166150
24166395
24166731
24166868
24167202
24167206
24167652
24168284
24168465
24168776
24168873
24169543
24171433
24171647
24172369
24173097
24173522
24173820
24174581
24174913
24176295
24177563
24177799
24178328
24178493
24178939
24179209
24179544
24180827
24181065
24181225
24181385
24181695
24182610
24183234
24183380
24183700
24183783
24184151
24184867
24185002
24186598
24187531
24188023
24189696
24190410
24191311
24191466
24191753
24194951
24195203
24195657
24196007
24196031
24196093
24196305
24196656
24196837
24197975
24198701
24199385
24200579
24200960
24201844
24201931
24202239
24202932
24204140
24204644
24204747
24204944
24204982
24205037
24205569
24205713
24206053
24206901
24207827
24208149
24209357
24209807
24209982
24210555
24211373
24211379
24211853
24211873
24211954
24212171
24212661
24212926
24213220
24213275
24213835
24214001
24214057
24214234
24214585
24215133
24215857
24216239
24216892
24216951
24217815
24219731
24219783
24219799
24219889
24220143
24220593
24221081
24221211
24221672
24221986
24222464
24223681
24225256
24225263
24225627
24225812
24225898
24226149
24227327
24229472
24229502
24229753
24229988
24230751
24230943
24231283
24233470
24234684
24235115
24235194
24235619
24236284
24236298
24236470
24237034
24237571
24237574
24238012
24238226
24238705
24238991
24240189
24240200
24240281
24240576
24240597
24240663
24241503
24241539
24242115
24242176
24242581
24242760
24242801
24243171
24243709
24244554
24247145
24247157
24248648
24248657
24248703
24248801
24249267
24250132
24251121
24251339
24251345
24251563
24251577
24251691
24251740
24253087
24253796
24254033
24254563
24254883
24256046
24256577
24257282
24258042
24258078
24258086
24258343
24258761
24259116
24259208
24259815
24260228
24261109
24261384
24261621
24262237
24262632
24262657
24262764
24263075
24264588
24264603
24265129
24265648
24266140
24266286
24266294
24266801
24269399
24269983
24270176
24270313
24271353
24272026
24272049
24272052
24273345
24274148
24274662
24274767
24274839
24274862
24274971
24275087
24275205
24275756
24275775
24275789
24275790
24276251
24276357
24276442
24276486
24276949
24277110
24277263
24277338
24277614
24278144
24278278
24278416
24278417
24279327
24279585
24280878
24280879
24280881
24280975
24281509
24281594
24281773
24282317
24282333
24282342
24282791
24283054
24283563
24283593
24283815
24284551
24284669
24284775
24284860
24285585
24285751
24285940
24286076
24286699
24286946
24287305
24287490
24287846
24288120
24288572
24288775
24289994
24290754
24291988
24292455
24293784
24293937
24294394
24294449
24294450
24294583
24295784
24296172
24296568
24296608
24296840
24296866
24297042
24297068
24297335
24297868
24298185
24298856
24299191
24299743
24299983
24300109
24300128
24300153
24300175
24300439
24301222
24301320
24301817
24301841
24301864
24302446
24303590
24303601
24304142
24304361
24304498
24304639
24305310
24305353
24306202
24306246
24306902
24306904
24306907
24306942
24307398
24307666
24307701
24309328
24311196
24311635
24312597
24312719
24312789
24312891
24312922
24313156
24313791
24313794
24315559
24315592
24315651
24315743
24316183
24316669
24316739
24317322
24317569
24318168
24318171
24318999
24319832
24320008
24320671
24321220
24321316
24321504
24321540
24322119
24322251
24323050
24323253
24323322
24324115
24324460
24324623
24325379
24326397
24326928
24327171
24327546
24327550
24327682
24327689
24327843
24328007
24328114
24328305
24329051
24329494
24329975
24330113
24330376
24330468
24330819
24331077
24331386
24331442
24331483
24332269
24332360
24332549
24332801
24333047
24333053
24333175
24333176
24333225
24333557
24333698
24334708
24335501
24335766
24335820
24335864
24335886
24336051
24336874
24337398
24337474
24338139
24338439
24338576
24338706
24338729
24338777
24339056
24339370
24339590
24340192
24340832
24341149
24341212
24341595
24341687
24341700
24341729
24341734
24341735
24341736
24341900
24342129
24342715
24342879
24342901
24342908
24342982
24343241
24343310
24343321
24343386
24343429
24343558
24343852
24343884
24344144
24344541
24344640
24345198
24345332
24345382
24345494
24345515
24345528
24346134
24346139
24346162
24346364
24346906
24347032
24347066
24347133
24347134
24347138
24347144
24347172
24347440
24347548
24347578
24347599
24347615
24347669
24347793
24348166
24348197
24348279
24348443
24348627
24348691
24348878
24348889
24348894
24349167
24349288
24350053
24350128
24350137
24350942
24352042
24352313
24352854
24354327
24354920
24355256
24355447
24355558
24355614
24355799
24355803
24355822
24356910
24357607
24357702
24357715
24357733
24358096
24358313
24358336
24358467
24359055
24359056
24359659
24360171
24360193
24360659
24361114
24362284
24362445
24362510
24362686
24362765
24363955
24364114
24364299
24364337
24364369
24364762
24364873
24365101
24365137
24365253
24365294
24365314
24366055
24366123
24366288
24366367
24366491
24366768
24366917
24367154
24367426
24367447
24367604
24367642
24368009
24368767
24368888
24368945
24368990
24369305
24369614
24370536
24370577
24370735
24370750
24371021
24371457
24372118
24372498
24372812
24373303
24373305
24374338
24374518
24375077
24375142
24375354
24375391
24375759
24375795
24375906
24376290
24376291
24376341
24376773
24377342
24377686
24377790
24377800
24377968
24378021
24378065
24378082
24378101
24379029
24379426
24379480
24379482
24379882
24379983
24380063
24380836
24381015
24381038
24381466
24381695
24382289
24382299
24382301
24382393
24382436
24382450
24382484
24382507
24382526
24382567
24382573
24383672
24384285
24384380
24384439
24384459
24384531
24384552
24384608
24384764
24384842
24384855
24384878
24384913
24385043
24385095
24385607
24385630
24385632
24385633
24385661
24385662
24385706
24385889
24386548
24386608
24386954
24387024
24387211
24387531
24387665
24387692
24387699
24387819
24387843
24387891
24387930
24388008
24388090
24388241
24388242
24388534
24388573
24388714
24388782
24388874
24388904
24388913
24389115
24389192
24389451
24389831
24389977
24390164
24390383
24390415
24390590
24390652
24391348
24391486
24391591
24391781
24391920
24392036
24392129
24392455
24392519
24392522
24392710
24392840
24393197
24393953
24394155
24394268
24394336
24394856
24395064
24395461
24395717
24395965
24396228
24396650
24396882
24396897
24396939
24397417
24397498
24397900
24397914
24398033
24398065
24398663
24398870
24398959
24398987
24399537
24400099
24400110
24400315
24400336
24400573
24400637
24400876
24401290
24401326
24401382
24401805
24402040
24402048
24402437
24402562
24402762
24403333
24404136
24404678
24405251
24405543
24405630
24405801
24405975
24406112
24406116
24406137
24406249
24406334
24406481
24406559
24406646
24406705
24406743
24406847
24406930
24407530
24407577
24407782
24407813
24408116
24408129
24408289
24408345
24408595
24408708
24408909
24409139
24409367
24409461
24409488
24410043
24410046
24410108
24410275
24410569
24410690
24410809
24410998
24411257
24411524
24411531
24411651
24411674
24412257
24412383
24412806
24413347
24413434
24413536
24413668
24413930
24414077
24414269
24414458
24414633
24414863
24414929
24415045
24415203
24415380
24415454
24415473
24415596
24415875
24415911
24415943
24415946
24416106
24416464
24416483
24416688
24417050
24417263
24417426
24417481
24417570
24417672
24417803
24417827
24417867
24418581
24418642
24418702
24418742
24418773
24419023
24419256
24419345
24419536
24419626
24421260
24421372
24421579
24421648
24421907
24422388
24422446
24422861
24423313
24423316
24423335
24423342
24423641
24423719
24423767
24424386
24424420
24424963
24425479
24425600
24425629
24425651
24426134
24426355
24426457
24426783
24426985
24427047
24427185
24427217
24427314
24427790
24427870
24427876
24427892
24427921
24428014
24428084
24428409
24428589
24428743
24428823
24428824
24428838
24428848
24429140
24429247
24429337
24430501
24430605
24430638
24430676
24430680
24430817
24430850
24430950
24431072
24431096
24431579
24431661
24431890
24432276
24432374
24432484
24432549
24432730
24432733
24432798
24432816
24432887
24433048
24433050
24433220
24433270
24433289
24433307
24433731
24433948
24433988
24434070
24434109
24434365
24434368
24434442
24434471
24434934
24434936
24434982
24435152
24435230
24435243
24435303
24435560
24435635
24435665
24435676
24436031
24436123
24436262
24436572
24436716
24436744
24436841
24436961
24436972
24437038
24437160
24437204
24437389
24437957
24437993
24438327
24438432
24438639
24439153
24439210
24439218
24439344
24439387
24439468
24439469
24439509
24439677
24439841
24439939
24440013
24440172
24440367
24440569
24440681
24440948
24441310
24441980
24442849
24442869
24443101
24443131
24443177
24443384
24443463
24443464
24443480
24443516
24443783
24443826
24443871
24445456
24445490
24445518
24445955
24446178
24446181
24446189
24446224
24446289
24446359
24446494
24446548
24446586
24446758
24446784
24447721
24448118
24448122
24448484
24448814
24448838
24448865
24448880
24448900
24449074
24449133
24449178
24449362
24449493
24449523
24449560
24449720
24449737
24450049
24450252
24450263
24450279
24450380
24450429
24450453
24450557
24450573
24450653
24450898
24451020
24451205
24451616
24451638
24451654
24452016
24452117
24452123
24452384
24453728
24453756
24456297
24456787
24456851
24456896
24457102
24457189
24457342
24457481
24457724
24458195
24459215
24459285
24459330
24459376
24460516
24460710
24462643
24462898
24463281
24464261
24464832
24465322
24465706
24466515
24467004
24468240
24468352
24468388
24468468
24468473
24468497
24524066
24524348
24524476
24524724
24525004
24525254
24525481
24526031
24526069
24526265
24526293
24526386
24526456
24527002
24527310
24527365
24527603
24527675
24527826
24528017
24528086
24528301
24528396
24528398
24528504
24528558
24528615
24528736
24528784
24529052
24529054
24529127
24529328
24529332
24529445
24529749
24529967
24529976
24530016
24530049
24530109
24530348
24530439
24530748
24530760
24530804
24530878
24531100
24531244
24531270
24531679
24531734
24531963
24531964
24531978
24532072
24532124
24532335
24532348
24532442
24532756
24532964
24533096
24533164
24533173
24533305
24533449
24533493
24533571
24533632
24533649
24533731
24533922
24533983
24534195
24534501
24534552
24534568
24535206
24535398
24535408
24535852
24536437
24536496
24537442
24537489
24537528
24537668
24537685
24537689
24537745
24537838
24537984
24538000
24538154
24538314
24538336
24538778
24538915
24539010
24539073
24539185
24539362
24539591
24539735
24539762
24539906
24540237
24540248
24540284
24540367
24540383
24540863
24540958
24541085
24541172
24541185
24541220
24541233
24541938
24542163
24542249
24542253
24542279
24542296
24542337
24542349
24542390
24542534
24542586
24542680
24542976
24543119
24543332
24543550
24543663
24543853
24543946
24544008
24544118
24544230
24544240
24544255
24544282
24544326
24544447
24544477
24544486
24544665
24544808
24545089
24545155
24545164
24545189
24545601
24546033
24546172
24546194
24546207
24546315
24546429
24546534
24546535
24546544
24546547
24546557
24546836
24546843
24547087
24547268
24547529
24547585
24547907
24548008
24548015
24548234
24548252
24548729
24549007
24549014
24549105
24549120
24549318
24549367
24549373
24549399
24549979
24549983
24550208
24550523
24550560
24550562
24550806
24550849
24551039
24551135
24551190
24551208
24551211
24551249
24551250
24551258
24551274
24551303
24551318
24551334
24551339
24551980
24552122
24552171
24552174
24552246
24552788
24552813
24552938
24552940
24552993
24553058
24553064
24553175
24553546
24553883
24554021
24554162
24554364
24554474
24554521
24554546
24554569
24554599
24554730
24554833
24554848
24555078
24555100
24555200
24555267
24555439
24555442
24555979
24555984
24556070
24556149
24556264
24556409
24556416
24556625
24556738
24556878
24556916
24556989
24557179
24557244
24557248
24557258
24557259
24557469
24557601
24557822
24557872
24557888
24557899
24558021
24558055
24558124
24558281
24558320
24558611
24558806
24558851
24558961
24558979
24559114
24559155
24559318
24559346
24559392
24559520
24559532
24559592
24559712
24559911
24559927
24559975
24560021
24560307
24560460
24560492
24560636
24560744
24560774
24560854
24560906
24561210
24561548
24561550
24561626
24561926
24561959
24562069
24562104
24562224
24562530
24562694
24562888
24562902
24563033
24563295
24563305
24563324
24563346
24563365
24563372
24563393
24563397
24563680
24563697
24563716
24563719
24563789
24563843
24564044
24564180
24564242
24564393
24564490
24564761
24564862
24564938
24564953
24564957
24564995
24565008
24565046
24565120
24565202
24565233
24565297
24565568
24565618
24565668
24565703
24565715
24565792
24565800
24565951
24566212
24566315
24566408
24566476
24566517
24566709
24567060
24567211
24567406
24567447
24567554
24567585
24567796
24567818
24568136
24568155
24568171
24568372
24568564
24568692
24569274
24569306
24569474
24569513
24569569
24569982
24570077
24570094
24570415
24570441
24570545
24570563
24570819
24570821
24571061
24571166
24571323
24571466
24571767
24571811
24571859
24572218
24572363
24572592
24573122
24573128
24573210
24573325
24573699
24573879
24573898
24573990
24574013
24574404
24574770
24574892
24574981
24575000
24575265
24575512
24575518
24575548
24575621
24575632
24575648
24575986
24576272
24576366
24576380
24576419
24576528
24576562
24576638
24576647
24576945
24576991
24577098
24577131
24577469
24577726
24577758
24577805
24577861
24578234
24578477
24578490
24578621
24578824
24578926
24578927
24579013
24579157
24579398
24580098
24580186
24580211
24580223
24580319
24580462
24580791
24580815
24581095
24581176
24581371
24581385
24581412
24581427
24581472
24581606
24582186
24582191
24582460
24582473
24582509
24582531
24582537
24582736
24582747
24582890
24583313
24583329
24583454
24583456
24584219
24584389
24584589
24584590
24584783
24585025
24585075
24585372
24585807
24585826
24585880
24585897
24586310
24586331
24586363
24586399
24586474
24586719
24586743
24587036
24587049
24587335
24587336
24587432
24587602
24588332
24588460
24588562
24588570
24589009
24589090
24589274
24589505
24589506
24589804
24589857
24589862
24589890
24590088
24590157
24590163
24590204
24590495
24590535
24590544
24590768
24590778
24590952
24591136
24591211
24591221
24591320
24591338
24591377
24591648
24591719
24591788
24591972
24592052
24592243
24592739
24592771
24592774
24592786
24592790
24592797
24592814
24592840
24592859
24592867
24592871
24592873
24592951
24592974
24592983
24592995
24593328
24593404
24593461
24593633
24593731
24593888
24593939
24593942
24594437
24594564
24594582
24594589
24594652
24594731
24594959
24595159
24595322
24595333
24595480
24595763
24596364
24600896
24600899
24600946
24601010
24601121
24601140
24601297
24601317
24601360
24601507
24601567
24601830
24601953
24602019
24602263
24602561
24602565
24602673
24602874
24602876
24602891
24602895
24602985
24602992
24603344
24603355
24603392
24603590
24603681
24603706
24603823
24603839
24603861
24603881
24603972
24604229
24604269
24604360
24604522
24604708
24604967
24605053
24605905
24605969
24606075
24606125
24606260
24606605
24606606
24606684
24606873
24606918
24607015
24607301
24607331
24607395
24607409
24607710
24607945
24607962
24608016
24608020
24608066
24608131
24608391
24608394
24608443
24608553
24608558
24608743
24608813
24608973
24609138
24609295
24609481
24609549
24610228
24610300
24610347
24610365
24610388
24610650
24610752
24610993
24611093
24611373
24611457
24611606
24611890
24612112
24612301
24612331
24612402
24612481
24613115
24613320
24613382
24613643
24614517
24614610
24615136
24615860
24615886
24615959
24616092
24616193
24616348
24616657
24616705
24617086
24617239
24617301
24617311
24617383
24617398
24617665
24617696
24617725
24617805
24618753
24618765
24619082
24619401
24619480
24619533
24620233
24620467
24620653
24620668
24620733
24621004
24621115
24621345
24621411
24621432
24622095
24622422
24622454
24622528
24622529
24622541
24622603
24622820
24622836
24623068
24623341
24623455
24623832
24624151
24624184
24624283
24624323
24624326
24624577
24624759
24625051
24625146
24625172
24625229
24625277
24625487
24625672
24625883
24625926
24626029
24626640
24626720
24626774
24627083
24627991
24628610
24629106
24629240
24629615
24629667
24629706
24629726
24630262
24630482
24630638
24630684
24630811
24632218
24632268
24632365
24632650
24633132
24633183
24633243
24633702
24633808
24633863
24634101
24634296
24634303
24634372
24634572
24634646
24634647
24634653
24635262
24636647
24636727
24636758
24636759
24636850
24636851
24636872
24636876
24636986
24636994
24637019
24637136
24637182
24637721
24637728
24637741
24637763
24637827
24637882
24637992
24638025
24638066
24638107
24638108
24638127
24638131
24638166
24638196
24638230
24638245
24638412
24638449
24638472
24638500
24638526
24638715
24639337
24639442
24639462
24639670
24639723
24640036
24640347
24640643
24640980
24641163
24641785
24642092
24642176
24642450
24642571
24642720
24642728
24643745
24643788
24643824
24643869
24643903
24643963
24643983
24644125
24644150
24644710
24644739
24645506
24645665
24645862
24645866
24646550
24646998
24647149
24647352
24647356
24647411
24647456
24647590
24647631
24647637
24647643
24647671
24647674
24647810
24647931
24648043
24648054
24649567
24649595
24649741
24650025
24650094
24650607
24650778
24650909
24651064
24651295
24651383
24651550
24651895
24651990
24653082
24653083
24653151
24653242
24653267
24653678
24654162
24654166
24654458
24654471
24654484
24654510
24654586
24654634
24654959
24654961
24654968
24655426
24655565
24655639
24656641
24656642
24656693
24656778
24656951
24656956
24657151
24657634
24657695
24658053
24658109
24658226
24658324
24658824
24658831
24659040
24659329
24659417
24659463
24659675
24659838
24659929
24659998
24660067
24660080
24660114
24660323
24660466
24660611
24660637
24661459
24661469
24661908
24662057
24662082
24662122
24662184
24662540
24662569
24662726
24663062
24663154
24663437
24663673
24663827
24664625
24664754
24664778
24665099
24665175
24665180
24665183
24665770
24665801
24666274
24666399
24667144
24667304
24667497
24667507
24667537
24667584
24667598
24668206
24668283
24668405
24669561
24669672
24669845
24669884
24669934
24670015
24670043
24670124
24670324
24670423
24670524
24670718
24670855
24670956
24671090
24671149
24671316
24671819
24671831
24671974
24672043
24672072
24672712
24672839
24673061
24673099
24673774
24674059
24674237
24674453
24674571
24674836
24674953
24675851
24676057
24676595
24676871
24677199
24677500
24677704
24677870
24677970
24678095
24678131
24678143
24678153
24678255
24678341
24678394
24678435
24678470
24678625
24679073
24679232
24679358
24679558
24679599
24679876
24680092
24680226
24680387
24680443
24680519
24680543
24681372
24681418
24681420
24681560
24681673
24681674
24681675
24681677
24681869
24682007
24682009
24682010
24682225
24683157
24683200
24683449
24683695
24683700
24683909
24684134
24684303
24684444
24684459
24684925
24684969
24685211
24685698
24685700
24685940
24685984
24686025
24686154
24686251
24686429
24686488
24686531
24686711
24686990
24687214
24687255
24687591
24687655
24688529
24688692
24688712
24688890
24689097
24689118
24689414
24689417
24689817
24689972
24690262
24691173
24691220
24691386
24691406
24691416
24691418
24691485
24691531
24691539
24691909
24691973
24692027
24692328
24692739
24692886
24693052
24693187
24693211
24693255
24693340
24693418
24693745
24694447
24694531
24694581
24694598
24694685
24695394
24695918
24695964
24696066
24696298
24696304
24696828
24696861
24697163
24697235
24697329
24697404
24697426
24697697
24697724
24698365
24698368
24698552
24698777
24698956
24699491
24699593
24699629
24700014
24700085
24700798
24700853
24701156
24701398
24701438
24702188
24702325
24702554
24703026
24703078
24703088
24703147
24703345
24703413
24703853
24704152
24704303
24704703
24704772
24704883
24705130
24705710
24705794
24705911
24705920
24705930
24706512
24706703
24706844
24706934
24707110
24707287
24707467
24707524
24707738
24707763
24708046
24708180
24708546
24708893
24709192
24709375
24709533
24709606
24709664
24710071
24710477
24710878
24711278
24711872
24712064
24712518
24712529
24713053
24713119
24713341
24714248
24714455
24714520
24714686
24715067
24715342
24716029
24716157
24716291
24716333
24716711
24716772
24717110
24717281
24717407
24717568
24717587
24718388
24718393
24718417
24719046
24719083
24719116
24719592
24719655
24719735
24720076
24720165
24721945
24722204
24722418
24722470
24723022
24723126
24723302
24724319
24724431
24725172
24725335
24725745
24725906
24725950
24726655
24726704
24726986
24726992
24727086
24727223
24728257
24728547
24728685
24728719
24729125
24729214
24729318
24729403
24729874
24729960
24730134
24730261
24730606
24730763
24730987
24731237
24731266
24731311
24731565
24732014
24732043
24732046
24732182
24732496
24732582
24732627
24732772
24732929
24733738
24734702
24734853
24735174
24735548
24735551
24735552
24735672
24735675
24735703
24735954
24736335
24736611
24737065
24737287
24737584
24737592
24737705
24737727
24738225
24738249
24738391
24738426
24738474
24738646
24738993
24739448
24740275
24740811
24741144
24741245
24741253
24741604
24741855
24742693
24742803
24742883
24742910
24743327
24743679
24743879
24743926
24744258
24744421
24744676
24745105
24745269
24745282
24745520
24746477
24746896
24746953
24747940
24748306
24748422
24748780
24748786
24748846
24749055
24749057
24749058
24749084
24749294
24749515
24749816
24749821
24749938
24751212
24751736
24752236
24752490
24752526
24753542
24753656
24754405
24754452
24754579
24754710
24754864
24754865
24754866
24754871
24755469
24755988
24757004
24757219
24757532
24760178
24760347
24760701
24760926
24761031
24761153
24761771
24761789
24761803
24761916
24762772
24763067
24763105
24763405
24763709
24764912
24765023
24765024
24765361
24765788
24766088
24766175
24766183
24766312
24766447
24766776
24767297
24767304
24767376
24767393
24767406
24767526
24767614
24767788
24767797
24767882
24768094
24768109
24768152
24768211
24768437
24768833
24769016
24769727
24769775
24769899
24769976
24770281
24770466
24771269
24771291
24771907
24772373
24772392
24772869
24773162
24773177
24773315
24773595
24774539
24775116
24775120
24776126
24776408
24776872
24777563
24777822
24779154
24779401
24779664
24779709
24780107
24780250
24780949
24781893
24782692
24783315
24783374
24783762
24787261
24787366
24788526
24789231
24789395
24789559
24789658
24790419
24790888
24791063
24791694
24792754
24793480
24793566
24793888
24794865
24795541
24796003
24796134
24796343
24796533
24796740
24797224
24797481
24797508
24797952
24798717
24798903
24799068
24800588
24800896
24801106
24801307
24801406
24801600
24801885
24802054
24802489
24802491
24802495
24804327
24804395
24804890
24805557
24805787
24806180
24806350
24806369
24810486
24810629
24811288
24811290
24811667
24812063
24812372
24812515
24812577
24813636
24814683
24814908
24815295
24815416
24815443
24815792
24816444
24818066
24819324
24819567
24828727
24832579
24835665
24839118
24839722
24840163
24840491
5752973
6515320
9257831
9861853
